128.01999958246302,312.429999222804
136.0,164.24200024422385
128.01999595679632,161.37098664549973
135.69999943941013,166.09099985222034
135.63999992369054,162.8169996774198
158.3199996622332,235.06899597187152
144.7499937018674,224.64900042209825
128.02000032890646,208.23100079751546
135.63999993758347,162.8169997285604
146.27000031025662,192.4129996634102
135.69999998052523,166.09099972883934
135.70000012318772,164.24200021206752
135.63999984749591,162.8169994043206
146.2699990862138,169.25900014708563
138.21000076455,248.67300044322167
146.26999951192397,192.13500025485658
143.06999962409117,174.1320001939117
135.69999996097823,166.09099972527133
133.24000019135042,191.36199795900774
135.63999941025673,192.8169995293939
135.70000010014306,164.2419997936955
135.70000046668665,177.28200095267803
135.63999998159574,162.81700043344406
128.01999184544752,161.37101351127836
143.00000023967897,217.75700138843396
128.02000003839822,161.37100054160032
128.02000024752704,184.52499981058412
143.06999971337717,174.1320003574756
143.06999970146893,174.1320003956387
135.6399391239878,162.81701051404391
128.0200003372285,184.52499763335803
135.6400001926068,162.8169996067067
132.65000007124652,181.50499909676375
145.62000030187906,181.80199904032875
135.64000027511918,181.47300027338488
152.03000014333995,194.18000030347196
148.7400000730561,177.5840000426167
143.07000031490918,174.13199922287126
141.94000000965184,180.80899987442774
142.2100001369767,190.69199963957996
141.8800002111329,210.36500010323692
146.2700002088754,175.0349990489485
135.70000019760113,166.09099996687468
128.01999520519996,161.37100189435841
128.01999988911834,161.37099935024085
128.02000012249493,189.04799815603985
128.02000014038816,161.37100084746365
128.0200001406984,185.07699846419814
148.08000029124327,244.97200006883259
155.46999998086903,210.6710008586635
162.26999991644735,241.85699877731486
128.02000014415088,161.37099982859968
128.0200001441509,161.37099982859968
128.01999996394818,184.52499865583505
133.23999974823073,168.48599812899002
132.65000020156532,181.50499870957418
135.64000054812945,162.81699980506988
128.0200001753917,185.07700028004547
133.2400000301931,168.48600006913614
128.01999797524064,161.37100039801004
135.64000049507513,181.47299947538409
128.02000024935109,161.37100054436698
142.99999960619056,193.75700100953821
135.64000012550977,162.81699946321189
128.02000008735382,161.37099896158045
135.64000027619616,162.81699938988737
128.02000016681896,161.37100007383782
135.7000001251486,164.24200014066236
128.02000026953743,161.37099891439885
135.6400001255098,162.81699946321189
133.23999994469,172.4569997371409
128.0200001784259,184.2470008373275
135.6400000529577,162.81699975790414
135.64000007476574,162.81699721033638
128.0200001784259,184.2470008373275
128.02000031731268,161.37099922864812
128.0200001784259,184.24700083732753
128.0200001784259,184.2470008373275
128.02000008953922,185.0770002551224
128.0200001784259,184.2470008373275
128.02000040426628,161.37100080593808
128.02000013419268,184.24699920091678
128.0200001784259,184.24700083732748
128.0200000818597,161.37099982976656
132.65000103104052,181.50500095070666
128.02000046337062,196.0059992526747
128.02000006026492,239.72299693917142
128.02000045722409,184.24699995840697
128.02000010158852,213.15500032589173
128.02000049538398,208.23099865836187
128.0200002843526,220.67099983415125
128.02000081934528,207.95300143146767
128.01999996220016,220.67100000065633
128.02000065635764,255.3059996988297
128.02000012282392,220.6709999804373
128.02000014996463,184.24699816777567
128.02000030788622,211.9239990622473
128.02000037376425,185.0769991978052
128.02000017463553,236.8129987230993
128.0200004106087,244.67099939759711
128.02000042100047,189.15498049047338
