188.18000020482873,957.1730036306074
199.0,322.5560007708282
262.77000169067304,378.2680058474981
247.2600006404997,361.08540127982
249.60000012005548,340.98600051213265
290.310000402054,366.58600002549525
257.25000054234135,353.92600128695483
262.3900006210957,341.17700116497053
253.8200006561496,324.15299899539605
262.8700004827488,333.3600011983944
257.7800003991189,328.45700158246575
240.96999890919227,312.53399824609363
272.86999940965813,347.7959998755078
281.10000106586017,414.4930059290662
233.48000010664185,317.44500050254624
274.86000056266045,385.27300034484836
246.5500006540348,340.897001676527
231.62000042205614,354.31500069967115
226.1299997077641,309.9279997397935
257.6000000757415,358.0690006331094
275.6700003430987,367.34200075891
233.6000003452337,388.24600042945997
247.51000006982045,356.6810002144065
272.2600043594195,387.37799999443286
271.0300009979636,410.0580021855481
245.27999990471164,373.0129990231335
213.76000107130426,334.12100085400704
234.2799993399732,380.182994500397
272.980001235441,434.0220043018024
241.3100008209549,381.74600107938613
256.070001222962,332.9120003588636
250.94000013319007,340.69500112270356
274.58000053983324,386.2940033047772
255.2800016360145,408.9219986073871
260.75000022356284,349.990000898505
244.8800009830379,346.3000019516124
271.69000088591696,359.31800102685435
275.23000075162764,375.536000564706
199.5900002535018,290.31899855303277
235.13999950887646,370.8599992315995
259.0100025247084,424.73800393125015
204.08000014985623,330.9140007266509
214.9700003004092,369.7159864082407
265.83000035833436,367.2410007061171
248.01000081483366,343.9010018281057
240.10000079759254,369.15700105989094
249.55000124242508,355.86500304063634
264.000000387235,454.5590013441158
243.23000080012983,308.20400084437466
242.28000044195622,387.1100012780548
230.70000088878123,443.519002579797
220.56000059423758,366.56400004039784
244.26000087762895,413.11400154172554
220.43000087456994,445.7530020295093
263.7300003433531,406.1870019950334
284.0600002967315,458.86100062319224
218.38000123702875,496.09799960767305
252.2700005876016,497.96500368479064
264.5900014110692,427.86900251824346
236.68000042036664,377.48300110144027
270.4599997322066,449.33900134182704
252.8500015216644,579.7480029201704
244.98000083511516,515.0080017452223
228.53000066914606,357.5340018572326
272.68000157563307,457.0580022200817
217.86000035891942,423.7490003891213
202.47000060547444,372.5830011112285
231.24000088389755,405.01971900409836
229.92000108186159,455.0939986621722
248.81000128826682,463.932002435808
284.5900010175573,448.5110042200137
242.84000071941975,484.94900397340433
228.8900008604677,426.2590013046063
230.1700009587103,510.320004888755
241.9100002716813,560.077999379403
218.32000091979316,427.4490006376676
227.61000101764714,432.48300150685765
244.22000070779023,404.9250014863972
253.01000047925424,505.1520012506051
219.76000145971685,474.38999832089553
248.51999966991042,602.6349995522978
232.500000488937,388.8320005691129
219.41000034779262,444.05500078188663
227.33000075502468,441.35800381492083
194.48000009095566,640.1069129897371
230.00000124392432,411.05296240675887
217.41000067109164,486.76900373522733
217.32000079141892,338.1780006540075
199.47000052795147,627.0400012054045
195.88999983691858,627.2750027992118
190.04999913451053,732.9769681384328
212.37999974725102,566.3719973491644
196.4199986398758,691.6349908488651
221.22000059131116,413.15399739891495
192.50999980003922,781.7599788624854
194.92000003495517,590.242953446181
197.8600002290337,645.1098252741353
191.29000031209176,773.2819507704606
188.17999954459876,699.3799816658127
188.17999984248505,749.6689851185258
188.17999957370404,729.3504716529362
