136.0,177.28200099967705
136.0,177.28200099967705
135.6999993184756,164.24200029635992
144.75000002653613,186.219000323569
143.07000004853427,182.77100068491552
135.69999458276897,164.24199980915512
146.270000012642,169.2590007047853
128.02000037566097,189.04799909630424
135.6999993184756,164.24200029635995
148.74000157648152,177.58400046160423
133.24000024470212,168.48599986891242
135.63999937154907,181.47300053412323
143.07000002988826,174.1319998742915
135.70000024542583,177.2820006439333
135.63999992147944,162.81699982990943
146.2700018915061,169.2590007753577
133.23999981415867,172.45699931017913
135.6399999985955,162.81700041235615
146.2699993966715,169.25899804639388
132.71000023614738,182.9299999080816
135.63999919583785,162.8169993914487
164.75000053506093,212.4930004284547
145.6300005534182,184.222999498244
146.26999982521878,169.25900137995478
149.11000121805074,214.35300050279247
135.6999993509626,164.24200005195564
144.7499998827592,186.21899981773652
135.64000010269396,181.47299986479533
145.6200000865621,181.80199990317362
146.2700001295568,175.03499986044665
142.99999712765808,193.75699544871372
159.43000030234074,199.65900256154652
146.27000023256,169.25900048610643
128.02000014596172,161.37099982859965
146.27000014154896,169.25899991045497
128.0200003041403,185.07700046573308
141.87999989906317,179.38399991282796
142.2100000852365,190.0579972822847
133.2399998765559,168.48600174814953
135.69999987055007,164.24200059050762
135.69999414276833,164.24199978928849
138.2100004305605,194.71199880694323
128.02000028260912,161.370999761484
135.63999978909948,162.81700034269232
133.2400000725587,175.27599758422258
133.24000020312224,191.6399990186651
135.64000016910177,181.47300020575338
146.27000013272132,169.25899996847605
128.02000018202088,161.37100043011006
128.0200006455006,196.00599921957703
128.0199996302399,161.37099900437659
135.70000007443187,166.09100108050453
135.6999994957883,175.1620032191734
128.019999937486,161.37099415785735
128.0200002803827,161.37099883024663
128.02000018588336,161.37099891514822
135.64000012975026,162.81699953086624
138.21000041894945,194.7120010238948
128.02000082114628,161.37099962065167
132.65000059293493,181.5049990951009
128.02000002674205,161.37099854032874
135.64000036321437,181.4730002402032
128.02000051277682,184.52499978765798
138.2100000903127,245.48800015336738
128.02000008628565,161.3710013201355
128.0200003429633,161.37099958067796
132.71000011242677,182.9299987684776
128.02000037455298,184.52499953878194
128.02000005422738,161.37100015705283
128.02000006030477,161.37100004175386
128.02000003889574,161.37099946355917
128.0200001784259,184.2469996574029
135.64000068337944,228.5600912379599
128.01999972835964,161.37100006122802
128.01999992721613,184.24700284505218
135.64000026529004,162.81699987662205
128.0200004277682,184.24699991284675
128.01999999967921,184.5250010010074
128.01999939365768,161.3709991955613
128.0200003784376,161.3709993486272
128.02000000000007,161.37100010202832
128.02000184114223,211.92400130517282
128.0200001480202,161.3709990174648
128.02000027012647,207.95300190756862
128.02000052161645,184.24699984145965
128.02000125907185,212.8610013590941
128.01999994157708,219.1599973769907
128.02000044830513,260.99799939119566
128.0200000983249,161.3710000810828
128.02000041111745,185.37099949737015
128.02000055336575,161.37099966244824
128.0200013709291,184.24699765071466
128.0199999142092,208.23099923930425
128.0200000609385,161.37099845864415
128.0200000479717,161.37100346519827
128.0200000713564,185.07699976264732
128.0200000602649,239.7229992564641
128.0200002547892,184.2469987377446
128.020000292455,261.94799988981356
128.020000138563,312.429999442295
128.02000005894,239.07200012235734
